00000000000000000000000000000
00000000000000000000000000000
01011110011110111100101000110
01100010001000000100110100100
11001110001110000100111100011
01001110111110000100101000111
01001100111110000100111000111
01000010101000000100100100101
11011110101110111100111100010
10100000110000000000010000000
01111000101100111100000100110
00110101011110011101000100000
11101011110110100000010000101
10011001000000001101000000011
01100000000000000101111000100
10010111101100100100101100001
11110010110110000000111000110
00001100000000110001001000010
01011110011110101101110100110
00101110110000010100000100000
11110100111010001000111100110
11001110001100010000000100000
01001110101110110001101100011
11100100011110110101111100111
01101000111110110001001100111
11101110101000110000100000001
01110010001110011100111000111
00000000000000000000000000000
00000000000000000000000000000
